STATIONS_ID;MESS_DATUM_BEGINN;MESS_DATUM_ENDE;QN_4;JA_N;JA_TT;JA_TX;JA_TN;JA_FK;JA_SD_S;JA_MX_FX;JA_MX_TX;JA_MX_TN;QN_6;JA_RR;JA_MX_RS;eor
        555;19250101;19251231;    5;  -999;   9.94;   13.33;    6.65;-999;-999;-999;-999;-999;    5;   911.0;-999;eor
        555;19260101;19261231;    5;  -999;  10.45;   13.69;    7.25;-999;-999;-999;-999;-999;    5;  1079.0;-999;eor
        555;19270101;19271231;    5;  -999;   9.71;   13.07;    6.61;-999;-999;-999;-999;-999;    5;   856.0;-999;eor
        555;19280101;19281231;    5;  -999;  10.00;   13.67;    6.46;-999;-999;-999;-999;-999;    5;   878.0;-999;eor
        555;19290101;19291231;    5;  -999;   9.37;   12.88;    5.66;-999;-999;-999;-999;-999;    5;   529.0;-999;eor
        555;19300101;19301231;    5;  -999;  10.55;   14.15;    7.17;-999;-999;-999;-999;-999;    5;   875.0;-999;eor
        555;19310101;19311231;    5;  -999;   9.37;   13.08;    6.24;-999;-999;-999;-999;-999;    5;   855.6;   52.6;eor
        555;19320101;19321231;    5;  -999;  10.13;   13.79;    6.68;-999;-999;-999;-999;-999;    5;   697.2;   31.0;eor
        555;19330101;19331231;    5;  -999;   9.48;   13.29;    5.78;-999;-999;-999;-999;-999;    5;   635.0;   36.5;eor
        555;19340101;19341231;    5;  -999;  11.13;   14.68;    7.48;-999;-999;-999;-999;-999;    5;   624.1;   28.1;eor
        555;19350101;19351231;    5;  -999;  10.30;   13.67;    6.74;-999;-999;-999;-999;-999;    5;   759.0;   38.7;eor
        555;19360101;19361231;    5;  -999;  10.12;   13.48;    6.85;-999;-999;-999;-999;-999;    5;   868.7;   65.9;eor
        555;19370101;19371231;    5;  -999;  10.43;   13.79;    7.11;-999;-999;-999;-999;-999;    5;   740.3;   30.6;eor
        555;19380101;19381231;    5;  -999;  10.55;   13.76;    7.21;-999;-999;-999;-999;-999;    5;   766.1;   39.8;eor
        555;19390101;19391231;    5;  -999;  10.35;   13.48;    6.95;-999;-999;-999;-999;-999;    5;   855.7;   35.6;eor
        555;19400101;19401231;    5;  5.22;   8.98;   12.34;    5.29;    3.20; 1504.80;-999;  28.8; -16.9;    5;   893.2;   61.8;eor
        555;19410101;19411231;    5;  5.49;   9.55;   12.65;    6.21;    3.21; 1373.10;-999;  32.8; -12.5;    5;   756.0;   28.6;eor
        555;19420101;19421231;    5;  5.29;   9.45;   12.82;    6.13;    3.31; 1552.80;-999;  32.1; -20.3;    5;   599.9;   20.3;eor
        555;19430101;19431231;    5;  5.58;  10.93;   14.44;    7.46;    3.08; 1642.80;-999;  33.0;  -9.2;    5;   667.7;   29.6;eor
        555;19440101;19441231;    5;  5.64;  10.18;   13.23;    7.05;    3.17; 1335.60;-999;  36.0;  -7.0;    5;   902.2;   27.7;eor
        555;19450101;19451231;    5;  5.32;  10.71;   13.96;    7.48;-999; 1450.50;-999;  32.4;  -9.3;    5;   802.8;   35.9;eor
        555;19460101;19461231;    5;  5.51;  10.00;   13.40;    6.49;    1.99; 1511.40;-999;  32.5; -12.1;    5;   764.2;   24.1;eor
        555;19470101;19471231;    5;  5.03;  10.51;   14.22;    6.60;    2.16; 1829.30;-999;  36.3; -14.0;    5;   614.3;   20.7;eor
        555;19480101;19481231;    5;  4.94;  11.03;   14.41;    7.69;    3.00; 1462.30;-999;  32.4; -10.1;    5;   824.1;   27.2;eor
        555;19490101;19491231;    5;  4.63;  11.17;   14.85;    7.46;    2.78; 1549.90;-999;  32.4;  -6.7;    5;   733.5;   68.0;eor
        555;19500101;19501231;    5;  5.22;  10.54;   13.85;    7.37;    3.07; 1296.30;-999;  32.1; -12.4;    5;   814.2;   22.1;eor
        555;19510101;19511231;    5;  4.91;  10.73;   14.25;    7.33;    3.18; 1231.10;-999;  30.6;  -3.4;    5;   859.4;   24.7;eor
        555;19520101;19521231;    5;  5.26;   9.88;   13.12;    6.71;    3.12; 1089.90;-999;  34.6;  -4.7;    5;   971.5;   39.8;eor
        555;19530101;19531231;    5;  5.10;  10.93;   14.43;    7.56;    3.06; 1435.20;-999;  32.2;  -9.9;    5;   646.1;   32.8;eor
        555;19540101;19541231;    5;  5.14;   9.96;   13.12;    6.70;    3.56; 1279.20;-999;  30.5; -14.8;    5;   917.3;   39.7;eor
        555;19550101;19551231;    5;  4.98;   9.74;   13.10;    6.31;    3.13; 1405.10;-999;  30.0;  -8.9;    5;   768.0;   20.2;eor
        555;19560101;19561231;    5;  5.70;   8.95;   12.13;    5.72;    3.15; 1180.90;-999;  29.9; -17.3;    5;  1041.8;   56.3;eor
        555;19570101;19571231;    5;  5.53;  10.78;   14.02;    7.43;    2.98; 1412.90;-999;  34.9;  -8.6;    5;   885.1;   25.2;eor
        555;19580101;19581231;    5;  5.65;  10.28;   13.43;    7.20;    2.83; 1268.90;-999;  30.4;  -7.6;    5;   952.8;   33.1;eor
        555;19590101;19591231;    5;  4.44;  11.40;   15.34;    7.38;    2.71; 1881.10;-999;  34.9;  -5.3;    5;   507.4;   40.1;eor
        555;19790101;19791231;    5;  -999;   9.42;   13.00;    5.96;-999; 1246.60;  25.8;  30.4; -18.4;    5;   851.9;   40.9;eor
        555;19800101;19801231;    5;  -999;  10.14;   13.69;    6.68;-999; 1334.60;  24.7;  31.5;  -8.9;    5;   762.4;   58.1;eor
        555;19810101;19811231;   10;  -999;  10.49;   13.96;    7.16;-999; 1142.40;  27.2;  31.3; -10.2;   10;   974.1;   56.3;eor
        555;19820101;19821231;   10;  -999;  11.27;   15.18;    7.59;-999; 1516.70;  28.2;  32.8; -14.7;   10;   750.4;   68.2;eor
        555;19830101;19831231;   10;  -999;  11.27;   15.09;    7.52;-999; 1446.20;  38.1;  34.5;  -7.4;   10;   695.5;   25.0;eor
        555;19840101;19841231;   10;  -999;  10.55;   14.10;    7.13;-999; 1229.50;-999;  33.2;  -5.6;   10;   951.7;   48.5;eor
        555;19850101;19851231;   10;  -999;   9.40;   13.03;    5.90;-999; 1376.80;  24.8;  32.8; -17.1;   10;   885.6;   49.2;eor
        555;19860101;19861231;   10;  -999;   9.97;   13.84;    6.18;-999; 1476.00;  30.1;  35.4; -15.4;   10;   920.6;   33.1;eor
        555;19870101;19871231;   10;  -999;   9.71;   13.32;    6.16;-999; 1251.50;  26.0;  32.0; -16.2;   10;   907.5;   35.6;eor
        555;19880101;19881231;   10;  -999;  11.18;   14.74;    7.85;-999; 1242.30;  27.9;  30.3;  -7.1;   10;   888.0;   37.6;eor
        555;19890101;19891231;   10;  -999;  11.81;   16.08;    7.81;-999; 1623.90;  26.2;  33.2;  -6.8;   10;   684.4;   27.4;eor
        555;19900101;19901231;   10;  -999;  11.67;   15.61;    7.98;-999; 1513.50;  35.6;  35.0;  -3.8;   10;   793.2;   33.2;eor
        555;19910101;19911231;   10;  -999;  10.44;   14.55;    6.70;-999; 1454.10;-999;  33.9; -12.0;    9;   655.4;   33.1;eor
        555;19920101;19921231;   10;  -999;  11.18;   15.07;    7.58;-999; 1391.40;  34.1;  32.9;  -8.7;    9;   858.8;   28.8;eor
        555;19930101;19931231;   10;  -999;  10.08;   13.99;    6.60;-999; 1377.50;  33.9;  30.5; -11.0;    9;   950.9;   39.3;eor
        555;20080101;20081231;   10;  5.38;  10.30;   14.40;    6.05;    2.02;-999;-999;  32.9;  -8.5;    9;   869.4;   43.9;eor
        555;20090101;20091231;   10;  5.33;  10.23;   14.53;    5.57;    2.17; 1572.20;-999;  34.0; -20.3;    9;   890.5;   31.5;eor
        555;20100101;20101231;   10;  5.78;   8.89;   12.95;    4.39;    2.08; 1432.80;-999;  35.3; -14.8;    9;   876.6;   34.4;eor
        555;20110101;20111231;   10;  5.21;  10.85;   15.50;    6.24;    2.17; 1753.20;-999;  33.3;  -7.3;    9;   774.0;   31.7;eor
        555;20120101;20121231;   10;  -999;  10.17;   14.36;    5.80;-999; 1476.40;-999;  36.7; -14.0;-999;-999;-999;eor
        555;20130101;20131231;   10;  -999;   9.76;   13.79;    5.46;-999; 1440.60;-999;  36.7; -12.3;-999;-999;-999;eor
        555;20140101;20141231;   10;  -999;  11.50;   15.86;    7.02;-999; 1561.50;-999;  33.7;  -5.3;    9;   869.9;   38.9;eor
        555;20150101;20151231;   10;  -999;  10.93;   15.19;    6.40;-999; 1667.40;-999;  36.0;  -4.7;    9;   877.4;   32.0;eor
        555;20160101;20161231;   10;  -999;  10.68;   15.00;    6.34;-999; 1595.70;-999;  34.2;  -9.0;    9;   757.6;   35.7;eor
        555;20170101;20171231;   10;  -999;  10.91;   15.07;    6.50;-999; 1427.60;-999;  34.4;  -8.9;    9;   876.4;   37.2;eor
