STATIONS_ID;MESS_DATUM_BEGINN;MESS_DATUM_ENDE;QN_4;JA_N;JA_TT;JA_TX;JA_TN;JA_FK;JA_SD_S;JA_MX_FX;JA_MX_TX;JA_MX_TN;QN_6;JA_RR;JA_MX_RS;eor
       3621;19000101;19001231;    5;  -999;   7.78;    -999;    -999;-999;-999;-999;-999;-999;-999;-999;-999;eor
       3621;19010101;19011231;    5;  -999;   7.16;    -999;    -999;-999;-999;-999;-999;-999;-999;-999;-999;eor
       3621;19020101;19021231;    5;  -999;   7.23;    -999;    -999;-999;-999;-999;-999;-999;-999;-999;-999;eor
       3621;19030101;19031231;    5;  -999;   7.96;    -999;    -999;-999;-999;-999;-999;-999;-999;-999;-999;eor
       3621;19040101;19041231;    5;  -999;   8.31;    -999;    -999;-999;-999;-999;-999;-999;-999;-999;-999;eor
       3621;19050101;19051231;    5;  -999;   7.70;    -999;    -999;-999;-999;-999;-999;-999;-999;-999;-999;eor
       3621;19060101;19061231;    5;  -999;   7.76;    -999;    -999;-999;-999;-999;-999;-999;-999;-999;-999;eor
       3621;19070101;19071231;    5;  -999;   7.74;    -999;    -999;-999;-999;-999;-999;-999;-999;-999;-999;eor
       3621;19080101;19081231;    5;  -999;   6.98;    -999;    -999;-999;-999;-999;-999;-999;-999;-999;-999;eor
       3621;19090101;19091231;    5;  -999;   7.13;    -999;    -999;-999;-999;-999;-999;-999;-999;-999;-999;eor
       3621;19110101;19111231;    5;  -999;   8.89;   13.62;    4.53;-999;-999;-999;-999;-999;    5;   449.0;-999;eor
       3621;19120101;19121231;    5;  -999;   7.73;   12.07;    4.00;-999;-999;-999;-999;-999;    5;   670.0;-999;eor
       3621;19130101;19131231;    5;  -999;   8.32;   12.73;    4.56;-999;-999;-999;-999;-999;    5;   675.0;-999;eor
       3621;19140101;19141231;    5;  -999;   8.12;   12.74;    4.06;-999;-999;-999;-999;-999;    5;   642.0;-999;eor
       3621;19150101;19151231;-999;-999;-999;-999;-999;-999;-999;-999;-999;-999;    5;   657.0;-999;eor
       3621;19160101;19161231;-999;-999;-999;-999;-999;-999;-999;-999;-999;-999;    5;   650.0;-999;eor
       3621;19170101;19171231;-999;-999;-999;-999;-999;-999;-999;-999;-999;-999;    5;   752.0;-999;eor
       3621;19180101;19181231;-999;-999;-999;-999;-999;-999;-999;-999;-999;-999;    5;   592.0;-999;eor
       3621;19190101;19191231;    5;  -999;   7.52;   11.90;    3.63;-999;-999;-999;-999;-999;    5;   691.0;-999;eor
       3621;19200101;19201231;    5;  -999;   8.83;   13.67;    4.74;-999;-999;-999;-999;-999;-999;-999;-999;eor
       3621;19210101;19211231;    5;  -999;   9.23;   14.48;    4.43;-999;-999;-999;-999;-999;-999;-999;-999;eor
       3621;19220101;19221231;    5;  -999;   7.43;   11.72;    3.20;-999;-999;-999;-999;-999;-999;-999;-999;eor
       3621;19230101;19231231;    5;  -999;   8.53;   12.93;    4.39;-999;-999;-999;-999;-999;-999;-999;-999;eor
       3621;19240101;19241231;    5;  -999;   7.36;   11.49;    3.31;-999;-999;-999;-999;-999;-999;-999;-999;eor
       3621;19250101;19251231;    5;  -999;   8.19;   12.20;    4.04;-999;-999;-999;-999;-999;-999;-999;-999;eor
       3621;19260101;19261231;    5;  -999;   8.92;   13.05;    4.86;-999;-999;-999;-999;-999;-999;-999;-999;eor
       3621;19270101;19271231;    5;  -999;   8.34;   12.33;    4.27;-999;-999;-999;-999;-999;-999;-999;-999;eor
       3621;19280101;19281231;    5;  -999;   8.92;   13.36;    4.18;-999;-999;-999;-999;-999;-999;-999;-999;eor
       3621;19290101;19291231;    5;  -999;   7.61;   12.19;    2.76;-999;-999;-999;-999;-999;-999;-999;-999;eor
       3621;19300101;19301231;    5;  -999;   8.84;   12.01;    3.07;-999;-999;-999;-999;-999;-999;-999;-999;eor
       3621;19310101;19311231;    5;  -999;   7.40;   11.71;    3.07;-999;-999;-999;-999;-999;-999;-999;-999;eor
       3621;19320101;19321231;    5;  -999;   8.20;   12.48;    3.97;-999;-999;-999;-999;-999;-999;-999;-999;eor
       3621;19330101;19331231;    5;  -999;   7.46;   11.95;    3.23;-999;-999;-999;-999;-999;-999;-999;-999;eor
       3621;19340101;19341231;    5;  -999;   9.48;   13.99;    5.12;-999;-999;-999;-999;-999;-999;-999;-999;eor
       3621;19350101;19351231;    5;  -999;   8.30;   12.67;    4.32;-999;-999;-999;-999;-999;-999;-999;-999;eor
       3621;19360101;19361231;    5;  -999;   8.32;   12.55;    4.70;-999;-999;-999;-999;-999;-999;-999;-999;eor
       3621;19370101;19371231;    5;  -999;   8.70;   12.98;    4.89;-999;-999;-999;-999;-999;-999;-999;-999;eor
       3621;19380101;19381231;    5;  -999;   8.32;   12.74;    4.13;-999;-999;-999;-999;-999;-999;-999;-999;eor
       3621;19390101;19391231;    5;  -999;   7.65;   11.76;    3.47;-999;-999;-999;-999;-999;-999;-999;-999;eor
       3621;19400101;19401231;    5;  -999;   6.58;   10.70;    2.10;-999;-999;-999;-999;-999;-999;-999;-999;eor
       3621;19410101;19411231;    5;  -999;   6.72;   10.87;    2.17;-999;-999;-999;-999;-999;    5;   698.6;   33.7;eor
       3621;19420101;19421231;    5;  -999;   6.87;   11.34;    2.11;-999;-999;-999;-999;-999;    5;   529.0;   22.8;eor
       3621;19430101;19431231;    5;  -999;   8.47;   13.47;    3.50;-999;-999;-999;-999;-999;    5;   493.5;   26.4;eor
       3621;19440101;19441231;    5;  -999;   7.56;   13.60;    3.31;-999;-999;-999;-999;-999;    5;   734.3;   51.3;eor
       3621;19450101;19451231;    5;  -999;   8.54;   13.14;    4.12;-999;-999;-999;-999;-999;-999;-999;-999;eor
       3621;19460101;19461231;    5;  -999;   8.09;   12.72;    3.65;-999;-999;-999;-999;-999;-999;-999;-999;eor
       3621;19470101;19471231;    5;  4.81;   8.66;   13.79;    2.81;    1.97;-999;-999;  36.4; -22.6;    5;   495.2;   40.2;eor
       3621;19480101;19481231;    5;  5.00;   8.52;   13.24;    3.44;    2.10; 1793.90;-999;  30.0; -14.6;    5;   558.9;   55.6;eor
       3621;19490101;19491231;    5;  4.73;   8.89;   13.88;    3.28;    1.97;-999;-999;  34.0; -14.2;    5;   368.3;   23.6;eor
       3621;19500101;19501231;    5;  5.03;   8.54;   13.37;    3.83;    1.94;-999;-999;  33.6; -15.4;    5;   729.5;   57.1;eor
       3621;19510101;19511231;    5;  5.23;   8.52;   13.21;    3.85;    1.90; 1727.60;-999;  30.2; -13.0;    5;   582.4;   22.2;eor
       3621;19520101;19521231;    5;  5.56;   8.05;   12.51;    3.42;    1.70; 1615.10;-999;  34.4; -16.2;    5;   707.8;   27.9;eor
       3621;19530101;19531231;    5;  4.95;   8.43;   13.50;    3.44;    1.37; 1713.20;-999;  30.0; -20.4;    5;   547.2;   34.4;eor
       3621;19540101;19541231;    5;  5.30;   7.50;   11.97;    3.49;    1.68; 1460.20;-999;  30.4; -17.7;    5;   677.5;   43.8;eor
       3621;19550101;19551231;    5;  5.45;   7.33;   11.81;    3.10;    1.71; 1506.10;-999;  30.1; -19.4;    5;   674.7;   35.6;eor
       3621;19560101;19561231;    5;  5.41;   6.59;   11.24;    2.15;    1.55; 1497.60;-999;  27.9; -26.2;    5;   583.1;   23.0;eor
       3621;19570101;19571231;    5;  5.25;   8.25;   12.95;    3.97;    1.85; 1596.80;-999;  35.3; -16.2;    5;   509.6;   18.7;eor
       3621;19580101;19581231;    5;  5.43;   8.10;   12.61;    3.98;    1.88; 1486.60;-999;  31.1; -19.3;    5;   700.9;   29.2;eor
       3621;19590101;19591231;    5;  4.62;   8.63;   14.05;    3.76;    1.72; 1829.80;-999;  33.9; -19.0;    5;   488.4;   29.6;eor
       3621;19600101;19601231;    5;  5.77;   8.24;   12.60;    4.12;    1.69; 1478.80;-999;  30.0; -17.7;    5;   582.7;   23.5;eor
       3621;19610101;19611231;    5;  5.46;   8.91;   13.53;    4.44;    1.91; 1643.70;-999;  31.0; -18.1;    5;   521.3;   19.7;eor
       3621;19620101;19621231;    5;  5.65;   7.04;   11.64;    2.38;    1.92; 1712.70;-999;  32.0; -22.6;    5;   505.5;   24.5;eor
       3621;19630101;19631231;    5;  5.51;   6.78;   11.22;    2.12;    1.87; 1554.70;-999;  30.9; -25.1;    5;   606.9;   26.8;eor
       3621;19640101;19641231;    5;  5.20;   8.23;   12.57;    3.66;    1.84; 1656.40;-999;  32.7; -17.1;    5;   506.3;   30.4;eor
       3621;19650101;19651231;    5;  5.26;   7.21;   11.65;    3.32;    1.83; 1201.00;-999;  31.0; -20.0;    5;   802.5;   59.7;eor
       3621;19660101;19661231;    5;  5.16;   8.57;   12.77;    4.41;    1.78; 1324.10;-999;  34.5; -20.0;    5;   794.8;   34.0;eor
       3621;19670101;19671231;    5;  4.82;   8.70;   13.22;    3.88;    1.77; 1646.60;-999;  32.3; -23.1;    5;   611.3;   30.7;eor
       3621;19680101;19681231;    5;  5.13;   7.68;   11.88;    3.39;    1.74; 1397.40;-999;  28.5; -23.0;    5;   757.3;   55.5;eor
       3621;19690101;19691231;    5;  4.57;   7.43;   12.41;    2.54;    1.20; 1470.00;-999;  32.0; -22.0;    5;   568.5;   37.1;eor
       3621;19700101;19701231;    5;  4.73;   7.77;   12.15;    3.30;    1.61; 1328.90;-999;  31.6; -18.5;    5;   647.5;   27.7;eor
       3621;19710101;19711231;    5;  4.02;   7.75;   13.16;    2.36;    1.19; 1647.80;-999;  32.5; -26.4;    5;   514.2;   38.3;eor
       3621;19720101;19721231;    5;  4.70;   7.16;   12.34;    2.40;    1.27; 1431.60;-999;  31.6; -13.6;    5;   556.8;   46.4;eor
       3621;19730101;19731231;    5;  5.07;   7.55;   12.46;    2.73;    1.46; 1613.00;-999;  31.0; -24.0;    5;   680.9;   72.6;eor
       3621;19740101;19741231;    5;  5.54;   8.47;   13.07;    3.94;    1.47; 1431.90;-999;  34.2; -11.5;    5;   772.4;   47.9;eor
       3621;19750101;19751231;    5;  5.07;   8.39;   13.11;    3.79;    1.07; 1493.20;-999;  30.0; -22.0;    5;   653.4;   32.4;eor
       3621;19760101;19761231;    5;  4.75;   8.02;   13.20;    2.66;    1.35; 1607.80;-999;  34.6; -20.0;    5;   528.5;   45.5;eor
       3621;19770101;19771231;    5;  5.39;   8.57;   13.04;    4.04;    1.30; 1235.90;-999;  30.5; -13.5;    5;   616.1;   28.8;eor
       3621;19780101;19781231;    5;  5.63;   7.46;   11.61;    3.23;    1.67; 1432.90;-999;  28.3; -20.0;    5;   751.8;   56.0;eor
       3621;19790101;19791231;    5;  5.48;   8.18;   12.57;    3.94;    1.78; 1443.90;-999;  29.8; -19.5;    5;   674.8;   27.9;eor
       3621;19800101;19801231;    5;  5.70;   7.59;   11.85;    3.63;    1.90; 1346.20;-999;  31.9; -15.6;    5;   560.0;   20.7;eor
       3621;19810101;19811231;   10;  5.55;   8.25;   12.54;    4.05;    1.66; 1346.90;-999;  30.0; -18.3;   10;   792.6;   32.5;eor
       3621;19820101;19821231;   10;  5.13;   8.57;   13.17;    4.25;    1.84; 1494.10;-999;  30.5; -25.9;   10;   665.7;   39.4;eor
       3621;19830101;19831231;   10;  5.20;   8.80;   13.50;    4.28;    1.38; 1369.80;-999;  37.4; -16.5;   10;   637.9;   36.9;eor
       3621;19840101;19841231;   10;  5.38;   7.60;   11.93;    3.47;    1.17; 1142.40;-999;  33.8; -15.0;   10;   588.2;   48.3;eor
       3621;19850101;19851231;   10;  5.31;   7.26;   12.10;    2.77;    1.12; 1280.50;-999;  32.0; -29.0;   10;   608.2;   24.4;eor
       3621;19860101;19861231;   10;  5.49;   7.83;   12.60;    3.40;    1.26; 1231.10;-999;  31.0; -25.6;   10;   725.7;   26.4;eor
       3621;19870101;19871231;   10;  5.91;   7.62;   11.91;    3.65;    1.13;-999;-999;  30.8; -23.5;   10;   777.0;   30.1;eor
       3621;19880101;19881231;   10;  5.99;   9.01;   13.26;    5.00;    1.20; 1291.80;-999;  31.5; -11.9;   10;   752.3;   24.8;eor
       3621;19890101;19891231;   10;  5.58;   8.90;   13.74;    4.52;    0.89;-999;-999;  32.6; -13.9;   10;   573.6;   25.9;eor
       3621;19900101;19901231;   10;  5.40;   8.98;   14.07;    4.12;    0.95;-999;-999;  33.1; -11.3;   10;   698.0;   48.8;eor
       3621;19910101;19911231;   10;  5.29;   7.90;   12.65;    3.30;-999;-999;-999;  32.4; -16.0;    9;   496.8;   33.9;eor
       3621;19920101;19921231;   10;  5.55;   9.01;   13.73;    4.61;    0.94;-999;-999;  34.4; -13.0;    9;   676.9;   26.2;eor
       3621;19930101;19931231;   10;  5.59;   8.61;   13.18;    4.39;    0.99;-999;-999;  31.6; -14.5;    9;   703.9;   34.8;eor
       3621;19940101;19941231;   10;  5.57;  10.05;   14.71;    5.83;    0.96;-999;-999;  33.6; -12.8;    9;   632.6;   38.1;eor
       3621;19950101;19951231;   10;  5.74;   8.81;   13.23;    4.83;    0.97;-999;-999;  33.4; -18.4;    9;   685.8;   23.6;eor
       3621;19960101;19961231;   10;  5.72;   7.34;   11.65;    3.39;    0.79;-999;-999;  32.3; -18.6;    9;   651.6;   25.1;eor
       3621;19970101;19971231;   10;  5.46;   8.77;   13.58;    4.45;    0.84;-999;-999;  29.4; -18.1;    9;   491.1;   27.7;eor
       3621;19980101;19981231;   10;  5.61;   9.07;   13.64;    4.97;    0.98;-999;-999;  35.0; -14.5;    9;   693.5;   31.2;eor
       3621;19990101;19991231;   10;  5.77;   9.20;   13.64;    5.20;    0.98;-999;-999;  32.5; -15.4;    9;   702.5;   21.1;eor
       3621;20000101;20001231;   10;  5.76;   9.95;   14.41;    5.97;    0.95;-999;-999;  31.8; -15.3;    9;   608.6;   38.3;eor
       3621;20010101;20011231;   10;  5.72;   9.19;   13.67;    5.06;    1.03;-999;-999;  33.2; -23.9;    9;   724.0;   34.6;eor
       3621;20020101;20021231;   10;  5.69;   9.59;   14.05;    5.43;    1.08;-999;-999;  33.0; -19.0;    9;   940.8;   44.8;eor
       3621;20030101;20031231;   10;  4.78;   9.69;   14.76;    4.76;    1.13;-999;-999;  36.8; -14.2;    9;   429.3;   23.2;eor
       3621;20040101;20041231;   10;  5.63;   9.10;   13.41;    4.92;    1.42;-999;-999;  31.7; -14.4;    9;   533.5;   28.4;eor
       3621;20050101;20051231;   10;  5.43;   8.92;   13.17;    4.71;    1.27;-999;-999;  33.6; -22.0;    9;   693.1;   38.2;eor
       3621;20060101;20061231;   10;  5.61;   9.06;   13.80;    4.17;    2.63;-999;-999;  34.1; -14.6;    9;   516.9;   28.3;eor
       3621;20070101;20071231;   10;  5.58;   9.56;   14.29;    4.67;    2.90;-999;-999;  34.0; -12.1;    9;   786.9;   40.5;eor
       3621;20080101;20081231;   10;  5.96;   9.27;   13.91;    4.57;    2.73;-999;-999;  30.5;  -9.4;    9;   670.6;   30.3;eor
       3621;20090101;20091231;   10;  5.61;   8.98;   13.55;    4.31;    1.64;-999;-999;  32.6; -19.3;    9;   692.5;   34.2;eor
       3621;20100101;20101231;   10;  5.86;   7.89;   12.25;    3.38;    1.35;-999;-999;  33.6; -17.5;    9;   692.8;   47.1;eor
       3621;20110101;20111231;   10;  5.14;   9.51;   14.58;    4.39;    1.50;-999;-999;  33.1; -13.7;    9;   631.6;   72.3;eor
       3621;20120101;20121231;   10;  -999;   9.12;   13.92;    4.11;-999;-999;-999;  34.0; -19.5;    9;   602.9;   24.9;eor
       3621;20130101;20131231;   10;  -999;   8.63;   12.76;    4.38;-999;-999;-999;  35.3; -14.2;    9;   663.1;   38.5;eor
       3621;20140101;20141231;   10;  -999;  10.23;   14.80;    5.60;-999;-999;-999;  33.5; -13.0;    9;   579.6;   46.2;eor
       3621;20150101;20151231;   10;  -999;  10.08;   15.00;    4.93;-999;-999;-999;  37.2; -13.4;    9;   466.8;   31.2;eor
       3621;20160101;20161231;   10;  -999;   9.52;   14.17;    4.83;-999;-999;-999;  32.5; -13.7;    9;   624.9;   32.4;eor
       3621;20170101;20171231;   10;  -999;   9.54;   14.42;    4.62;-999;-999;-999;  32.8; -18.6;    9;   694.1;   47.2;eor
       3621;20180101;20181231;   10;  -999;  10.50;   15.68;    5.33;-999;-999;-999;  34.8; -16.3;    9;   601.1;   33.2;eor
       3621;20190101;20191231;   10;  -999;  10.14;   15.22;    4.96;-999;-999;-999;  35.6;  -9.2;-999;-999;-999;eor
       3621;20200101;20201231;   10;  -999;  10.21;   15.06;    5.04;-999;-999;-999;  34.4;  -6.6;    9;   581.6;   35.4;eor
       3621;20210101;20211231;   10;  -999;   8.95;   13.72;    4.28;-999;-999;-999;  31.7; -16.3;    9;   613.8;   32.0;eor
       3621;20220101;20221231;   10;  -999;  10.57;   15.67;    5.09;-999;-999;-999;  36.6; -17.7;    3;   584.0;   41.9;eor
       3621;20230101;20231231;    3;  -999;  10.83;   15.55;    6.00;-999;-999;-999;  34.1; -12.7;-999;-999;-999;eor
