STATIONS_ID;MESS_DATUM_BEGINN;MESS_DATUM_ENDE;QN_4;JA_N;JA_TT;JA_TX;JA_TN;JA_FK;JA_SD_S;JA_MX_FX;JA_MX_TX;JA_MX_TN;QN_6;JA_RR;JA_MX_RS;eor
       1357;19470101;19471231;    5;  -999;   6.40;   11.21;    -999;-999;-999;-999;-999;-999;    5;  1262.2;   73.4;eor
       1357;19480101;19481231;    5;  5.34;   6.71;   10.73;    3.02;    1.52;-999;-999;  27.2; -16.4;    5;  1134.7;   48.9;eor
       1357;19490101;19491231;    5;  5.03;   6.95;   11.66;    3.06;    0.89;-999;-999;  30.5; -14.5;    5;   836.1;   35.3;eor
       1357;19500101;19501231;    5;  5.40;   6.53;   10.67;    2.91;    0.90;-999;-999;  29.5; -16.2;    5;  1172.2;   36.2;eor
       1357;19510101;19511231;    5;  5.19;   6.70;   10.64;    3.11;    1.66;-999;-999;  29.3; -11.3;    5;   857.1;   34.4;eor
       1357;19520101;19521231;    5;  5.71;   5.81;    9.59;    2.28;    1.66;-999;-999;  32.6; -14.4;    5;  1304.6;   41.6;eor
       1357;19530101;19531231;    5;  4.99;   7.10;   11.40;    3.17;    1.61;-999;-999;  28.2; -16.8;    5;   691.4;   26.7;eor
       1357;19540101;19541231;    5;  5.67;   5.52;    9.21;    2.28;    2.34;-999;-999;  28.3; -19.1;    5;  1385.1;   58.0;eor
       1357;19550101;19551231;    5;  5.51;   5.47;    9.08;    2.07;    2.72;-999;-999;  27.5; -17.2;    5;  1275.9;   37.9;eor
       1357;19560101;19561231;    5;  5.43;   4.75;    8.37;    1.46;    2.87;-999;-999;  25.4; -26.8;    5;  1286.5;   59.5;eor
       1357;19570101;19571231;    5;  5.38;   6.64;   10.18;    3.17;    2.52;-999;-999;  33.8; -14.4;    5;  1013.3;   37.2;eor
       1357;19580101;19581231;    5;  5.61;   6.17;    9.71;    2.73;    2.73;-999;-999;  28.2; -13.3;    5;  1217.0;   33.7;eor
       1357;19590101;19591231;    5;  4.64;   7.20;   11.88;    3.20;    2.56;-999;-999;  30.7; -13.1;    5;   801.0;   38.4;eor
       1357;19600101;19601231;    5;  5.71;   6.26;   10.17;    2.90;    2.66;-999;-999;  29.0; -16.5;    5;  1108.2;   40.1;eor
       1357;19610101;19611231;    5;  5.37;   7.00;   11.20;    3.57;    2.42;-999;-999;  29.9; -18.6;    5;  1208.2;   35.5;eor
       1357;19620101;19621231;    5;  5.34;   5.05;    9.14;    1.46;    2.54;-999;-999;  31.8; -19.5;    5;   935.9;   36.8;eor
       1357;19630101;19631231;    5;  5.17;   5.40;    9.65;    1.65;    2.56;-999;-999;  30.6; -21.1;    5;   871.2;   47.2;eor
       1357;19640101;19641231;    5;  5.03;   6.01;   10.22;    2.36;    2.53;-999;-999;  32.0; -16.4;    5;   807.8;   34.0;eor
       1357;19650101;19651231;    5;  5.68;   5.37;    9.33;    2.21;    2.51;-999;-999;  28.9; -14.7;    5;  1532.0;   41.1;eor
       1357;19660101;19661231;    5;  5.35;   6.25;    9.80;    3.05;    1.75;-999;-999;  29.0; -16.5;    5;  1313.1;   50.1;eor
       1357;19670101;19671231;    5;  4.61;   6.15;    9.94;    2.76;    1.64;-999;-999;  29.0; -22.2;    5;   935.1;   70.6;eor
       1357;19680101;19681231;    5;  4.95;   5.46;    9.04;    2.27;    2.08;-999;-999;  27.1; -19.6;    5;   963.3;   30.0;eor
       1357;19690101;19691231;    5;  5.17;   5.54;    9.19;    2.11;    2.22;-999;-999;  29.1; -17.6;    5;   983.2;   48.0;eor
       1357;19700101;19701231;    5;  5.79;   5.14;    8.49;    2.03;    2.31;-999;-999;  26.9; -16.2;    5;  1409.7;   59.6;eor
       1357;19710101;19711231;    5;  5.12;   6.12;    9.91;    2.57;    2.06;-999;-999;  30.0; -17.0;    5;   851.2;   50.7;eor
       1357;19720101;19721231;    5;  5.40;   5.43;    9.04;    2.14;    2.03;-999;-999;  29.5; -14.3;    5;   816.8;   66.7;eor
       1357;19730101;19731231;    5;  5.31;   5.70;    9.39;    2.31;    2.17;-999;-999;  28.0; -15.5;    5;   844.7;   30.3;eor
       1357;19740101;19741231;    5;  5.93;   6.24;    9.59;    3.27;    2.20;-999;-999;  28.8;  -8.6;    5;  1236.6;   36.5;eor
       1357;19750101;19751231;    5;  5.27;   6.60;   10.23;    3.37;    1.96;-999;-999;  28.4; -12.9;    5;   791.2;   24.8;eor
       1357;19760101;19761231;    5;  5.17;   6.12;    9.98;    2.35;    1.96;-999;-999;  31.0; -18.2;    5;   777.1;   25.5;eor
       1357;19770101;19771231;    5;  5.83;   6.20;    9.80;    2.94;    2.10;-999;-999;  27.2; -13.5;    5;  1257.8;   39.9;eor
       1357;19780101;19781231;    5;  5.90;   5.20;    8.58;    2.24;    2.00;-999;-999;  25.8; -15.2;    5;  1115.8;   46.0;eor
       1357;19790101;19791231;    5;  5.67;   5.47;    9.28;    2.17;    1.99;-999;-999;  27.5; -22.0;    5;  1210.3;   53.6;eor
       1357;19800101;19801231;    5;  5.84;   5.04;    8.49;    1.86;    2.10;-999;-999;  29.0; -15.4;    5;  1379.8;   62.3;eor
       1357;19810101;19811231;   10;  5.88;   5.78;    9.36;    2.68;    1.84;-999;-999;  26.5; -17.8;   10;  1485.7;   46.3;eor
       1357;19820101;19821231;   10;  5.26;   6.61;   10.54;    3.09;    1.88;-999;-999;  28.4; -16.9;   10;   943.5;   39.8;eor
       1357;19830101;19831231;   10;  5.53;   6.63;   10.65;    3.12;    1.84;-999;-999;  34.1; -16.1;   10;  1134.2;   45.7;eor
       1357;19840101;19841231;   10;  5.81;   5.31;    8.86;    2.36;    1.70;-999;-999;  31.4; -14.2;   10;  1318.4;   50.5;eor
       1357;19850101;19851231;   10;  5.60;   5.12;    9.24;    1.84;    1.74;-999;-999;  29.4; -20.4;   10;   902.5;   23.8;eor
       1357;19860101;19861231;   10;  5.73;   5.63;    9.74;    2.12;    1.72;-999;-999;  29.4; -18.2;   10;  1435.5;   49.8;eor
       1357;19870101;19871231;   10;  5.89;   5.09;    8.95;    1.84;    1.71;-999;-999;  28.0; -22.3;   10;  1261.1;   43.0;eor
       1357;19880101;19881231;   10;  5.93;   6.44;   10.24;    3.16;    1.88;-999;-999;  29.0; -14.3;   10;  1415.4;   42.4;eor
       1357;19890101;19891231;   10;  -999;   7.14;   11.47;    3.62;-999;-999;-999;  30.1; -11.7;   10;   934.7;   46.8;eor
       1357;19910101;19911231;   10;  4.98;   5.94;   10.30;    2.20;    1.57;-999;-999;  30.6; -19.8;    9;   849.6;   48.3;eor
       1357;19920101;19921231;   10;  5.16;   6.78;   10.70;    2.93;    1.70;-999;-999;  31.6; -14.5;    9;  1135.2;   42.2;eor
       1357;19930101;19931231;   10;  5.09;   6.23;   10.33;    2.24;    1.63;-999;-999;  27.2; -16.3;    9;  1255.5;   53.6;eor
       1357;19940101;19941231;   10;  5.43;   7.46;   11.47;    3.62;    2.09;-999;-999;  32.2; -16.1;    9;  1335.4;   62.6;eor
       1357;19950101;19951231;   10;  5.71;   6.46;   10.17;    3.02;    1.94;-999;-999;  30.1; -14.5;    9;  1373.5;   53.9;eor
       1357;19960101;19961231;   10;  5.74;   4.81;    8.59;    1.54;    1.57;-999;-999;  29.0; -18.6;    9;   916.7;   42.4;eor
       1357;19970101;19971231;   10;  5.18;   6.51;   10.86;    2.84;    1.39;-999;-999;  28.7; -15.3;    9;  1040.6;   42.0;eor
       1357;19980101;19981231;   10;  5.66;   6.72;   10.57;    3.21;    1.67;-999;-999;  31.3; -17.9;    9;  1513.6;   74.0;eor
       1357;19990101;19991231;   10;  5.48;   6.84;   10.88;    3.36;    1.56;-999;-999;  29.5; -13.0;    9;  1227.4;   35.4;eor
       1357;20000101;20001231;   10;  5.68;   7.55;   11.57;    4.02;    1.37;-999;-999;  30.8; -16.9;    9;  1154.6;   32.6;eor
       1357;20010101;20011231;   10;  5.63;   6.70;   10.65;    3.10;    1.32;-999;-999;  30.3; -15.0;    9;  1541.0;   53.0;eor
       1357;20020101;20021231;   10;  5.50;   7.30;   11.36;    3.48;    1.47;-999;-999;  30.0; -17.8;    9;  1530.1;   54.7;eor
       1357;20030101;20031231;   10;  4.38;   7.07;   11.86;    2.65;    1.26;-999;-999;  34.0; -15.3;    9;   920.2;   47.8;eor
       1357;20040101;20041231;   10;  5.40;   6.44;   10.51;    2.77;    1.33;-999;-999;  28.5; -15.0;    9;  1224.9;   56.3;eor
       1357;20050101;20051231;   10;  5.43;   6.38;   10.69;    2.16;    1.25;-999;-999;  31.3; -18.1;    9;  1133.6;   44.2;eor
       1357;20060101;20061231;   10;  5.37;   6.95;   11.33;    2.80;    1.34;-999;-999;  31.0; -16.5;    9;  1240.1;   60.0;eor
       1357;20070101;20071231;   10;  5.50;   7.53;   11.80;    3.44;    1.51;-999;-999;  32.1; -12.1;    9;  1451.7;   40.9;eor
       1357;20080101;20081231;   10;  5.92;   7.18;   11.29;    3.20;-999;-999;-999;  29.2; -10.9;    9;  1109.9;   34.9;eor
       1357;20090101;20091231;   10;  5.89;   6.92;   11.10;    2.97;    2.06;-999;  20.9;  28.8; -18.2;    9;  1131.9;   50.5;eor
       1357;20100101;20101231;   10;  6.08;   5.58;    9.62;    1.60;    2.01;-999;  24.4;  31.5; -17.7;    9;  1172.4;   55.0;eor
       1357;20110101;20111231;   10;  5.30;   7.40;   12.15;    3.07;-999;-999;-999;  30.2; -16.4;    9;   992.8;   51.1;eor
       1357;20120101;20121231;   10;  -999;   6.96;   11.58;    2.51;    2.03;-999;  22.4;  32.5; -21.1;    9;  1102.2;   44.1;eor
       1357;20130101;20131231;   10;  -999;   6.47;   10.45;    2.69;    2.01;-999;  20.8;  32.3; -14.7;    9;  1074.0;   44.6;eor
       1357;20140101;20141231;   10;  -999;   8.25;   12.59;    4.19;-999;-999;-999;  31.9; -11.4;    9;   885.9;   45.6;eor
       1357;20150101;20151231;   10;  -999;   7.93;   12.32;    3.67;-999;-999;-999;  33.6; -11.9;    9;   971.8;   50.8;eor
       1357;20160101;20161231;   10;  -999;   7.32;   11.56;    3.38;-999;-999;-999;  31.5; -15.2;    9;  1031.8;   39.2;eor
       1357;20170101;20171231;   10;  -999;   7.34;   11.62;    3.22;    2.08;-999;  25.4;  31.5; -17.5;    9;  1196.3;   31.4;eor
       1357;20180101;20181231;   10;  -999;   8.30;   13.26;    3.76;-999;-999;-999;  32.8; -18.2;    9;   900.1;   42.1;eor
       1357;20190101;20191231;   10;  -999;   8.20;   13.00;    3.69;-999;-999;-999;  34.5; -12.0;-999;-999;-999;eor
       1357;20200101;20201231;   10;  -999;   8.06;   12.72;    3.53;-999;-999;-999;  31.8;  -9.9;    9;   966.8;   43.6;eor
       1357;20210101;20211231;   10;  -999;   6.83;   11.31;    2.84;-999;-999;  21.3;  30.5; -15.7;    9;   944.3;   36.6;eor
       1357;20220101;20221231;   10;  -999;   8.38;   13.30;    3.62;    1.97;-999;  29.0;  34.9; -12.7;    3;   998.4;   53.2;eor
       1357;20230101;20231231;    3;  -999;   8.45;   12.89;    4.09;-999;-999;-999;  32.9; -12.3;    3;  1493.3;   59.0;eor
