STATIONS_ID;MESS_DATUM_BEGINN;MESS_DATUM_ENDE;QN_4;JA_N;JA_TT;JA_TX;JA_TN;JA_FK;JA_SD_S;JA_MX_FX;JA_MX_TX;JA_MX_TN;QN_6;JA_RR;JA_MX_RS;eor
       4592;19490101;19491231;    5;  -999;   8.72;    -999;    -999;-999;-999;-999;-999;-999;    5;   509.8;   27.6;eor
       4592;19500101;19501231;-999;-999;-999;-999;-999;-999;-999;-999;-999;-999;    5;   661.7;   20.6;eor
       4592;19510101;19511231;-999;-999;-999;-999;-999;-999;-999;-999;-999;-999;    5;   545.6;   27.6;eor
       4592;19520101;19521231;-999;-999;-999;-999;-999;-999;-999;-999;-999;-999;    5;   817.1;   28.0;eor
       4592;19530101;19531231;-999;-999;-999;-999;-999;-999;-999;-999;-999;-999;    5;   397.9;   20.0;eor
       4592;19540101;19541231;-999;-999;-999;-999;-999;-999;-999;-999;-999;-999;    5;   755.6;   54.9;eor
       4592;19550101;19551231;-999;-999;-999;-999;-999;-999;-999;-999;-999;-999;    5;   599.5;   23.0;eor
       4592;19560101;19561231;    5;  5.38;   6.62;   11.19;    2.11;    2.07;-999;-999;  28.8; -26.7;    5;   690.9;   22.7;eor
       4592;19570101;19571231;    5;  5.34;   8.25;   12.81;    3.81;    2.21;-999;-999;  37.0; -17.5;    5;   810.4;   53.7;eor
       4592;19580101;19581231;    5;  5.35;   7.98;   12.45;    3.61;    2.44;-999;-999;  31.8; -17.8;    5;   901.9;   34.5;eor
       4592;19590101;19591231;    5;  4.66;   8.49;   13.85;    3.25;    2.59;-999;-999;  34.9; -12.7;    5;   569.9;   36.5;eor
       4592;19600101;19601231;    5;  5.49;   8.21;   12.79;    3.76;    2.50;-999;-999;  32.0; -22.0;    5;   664.1;   37.4;eor
       4592;19610101;19611231;    5;  5.17;   8.62;   13.54;    3.85;    2.18;-999;-999;  31.8; -19.7;    5;   693.7;   30.5;eor
       4592;19620101;19621231;    5;  5.10;   6.88;   11.75;    2.22;    2.02;-999;-999;  33.3; -22.4;    5;   633.2;   17.8;eor
       4592;19630101;19631231;    5;  4.99;   6.85;   11.81;    2.09;    1.88;-999;-999;  32.8; -26.0;    5;   741.4;   36.8;eor
       4592;19640101;19641231;    5;  5.06;   7.77;   12.49;    3.09;    1.92;-999;-999;  32.8; -23.4;    5;   617.9;   32.8;eor
       4592;19650101;19651231;    5;  5.52;   7.35;   11.77;    3.24;    1.81;-999;-999;  31.5; -14.8;    5;   908.1;   32.7;eor
       4592;19660101;19661231;    5;  5.42;   8.60;   13.04;    4.34;    1.77;-999;-999;  31.7; -21.0;    5;   902.4;   26.2;eor
       4592;19670101;19671231;    5;  4.97;   8.43;   13.16;    4.00;    1.75;-999;-999;  33.0; -18.5;    5;   713.0;   25.3;eor
       4592;19700101;19701231;    5;  5.45;   7.47;   11.84;    3.29;    1.96;-999;-999;  30.8; -19.5;    5;   877.9;   41.1;eor
       4592;19710101;19711231;    5;  -999;   7.88;   13.05;    2.79;    1.68;-999;-999;  34.5; -24.2;    5;   645.2;   61.8;eor
       4592;19720101;19721231;    5;  -999;   7.45;   12.25;    2.49;    1.47;-999;-999;  34.0; -18.2;    5;   579.5;   68.0;eor
       4592;19730101;19731231;    5;  4.82;   7.39;   12.57;    2.87;    1.76;-999;-999;  31.8; -19.6;    5;   569.9;   22.2;eor
       4592;19740101;19741231;    5;  5.78;   8.33;   13.06;    4.49;    2.08;-999;-999;  32.7;  -6.3;    5;   835.7;   43.1;eor
       4592;19750101;19751231;    5;  5.51;   8.07;   12.92;    4.09;    1.79;-999;-999;  30.5; -18.5;    5;   631.4;   28.3;eor
       4592;19760101;19761231;    5;  5.08;   7.77;   13.12;    3.16;    2.16;-999;-999;  35.7; -20.9;    5;   613.2;   36.2;eor
       4592;19770101;19771231;    5;  5.74;   8.16;   12.88;    4.23;    2.10;-999;-999;  31.4; -12.8;    5;   656.8;   26.8;eor
       4592;19780101;19781231;    5;  5.71;   7.04;   11.53;    3.37;    2.16;-999;-999;  29.8; -17.9;    5;   707.5;   38.6;eor
       4592;19790101;19791231;    5;  5.40;   7.47;   12.43;    3.32;    2.17;-999;-999;  30.7; -20.2;    5;   706.4;   31.7;eor
       4592;19800101;19801231;    5;  5.46;   7.03;   11.78;    3.10;    2.62;-999;-999;  33.9; -16.9;    5;   650.6;   22.0;eor
       4592;19810101;19811231;   10;  5.49;   7.70;   12.54;    3.64;    2.58;-999;-999;  31.8; -15.5;   10;   881.7;   42.2;eor
       4592;19820101;19821231;   10;  4.91;   7.98;   13.19;    3.63;    2.20;-999;-999;  32.3; -24.8;   10;   584.0;   38.7;eor
       4592;19830101;19831231;   10;  4.91;   8.25;   13.51;    3.76;    2.21;-999;-999;  39.0; -17.3;   10;   634.1;   33.1;eor
       4592;19840101;19841231;   10;  5.06;   7.15;   11.97;    3.15;    2.09;-999;-999;  35.3; -16.3;   10;   684.2;   26.0;eor
       4592;19850101;19851231;   10;  4.88;   6.77;   11.91;    2.45;    2.10;-999;-999;  32.2; -24.4;   10;   630.0;   50.2;eor
       4592;19860101;19861231;   10;  4.91;   7.38;   12.65;    3.19;    2.03;-999;-999;  33.3; -20.7;   10;   773.8;   37.4;eor
       4592;19870101;19871231;   10;  5.30;   6.99;   11.84;    2.99;    1.96;-999;-999;  30.9; -23.6;   10;   697.2;   65.7;eor
       4592;19880101;19881231;   10;  5.35;   8.51;   13.40;    4.63;    2.09;-999;-999;  32.2; -11.3;   10;   747.4;   23.1;eor
       4592;19890101;19891231;   10;  5.21;   8.55;   13.52;    4.31;    1.86;-999;-999;  33.7; -13.3;   10;   613.0;   58.7;eor
       4592;19900101;19901231;   10;  4.98;   8.60;   14.01;    4.07;    1.91;-999;-999;  33.3; -10.7;   10;   578.7;   32.6;eor
       4592;19910101;19911231;   10;  4.78;   7.59;   12.91;    3.12;    1.80;-999;-999;  33.8; -16.3;    9;   496.5;   36.1;eor
       4592;19920101;19921231;   10;  5.18;   8.93;   13.94;    4.69;    1.87;-999;-999;  36.7; -13.2;    9;   628.5;   25.9;eor
       4592;19930101;19931231;   10;  5.12;   8.08;   13.20;    3.76;    1.78;-999;-999;  31.2; -15.8;    9;   710.8;   56.7;eor
       4592;19940101;19941231;   10;  5.31;   9.55;   14.66;    5.29;    1.72;-999;-999;  35.2; -14.2;    9;   586.0;   29.0;eor
       4592;19950101;19951231;   10;  5.53;   8.41;   13.12;    4.50;    1.85;-999;-999;  34.9; -13.8;    9;   739.6;   44.5;eor
       4592;19960101;19961231;   10;  5.43;   6.82;   11.63;    2.79;    1.62;-999;-999;  32.7; -21.8;    9;   581.4;   22.8;eor
       4592;19970101;19971231;   10;  5.11;   8.15;   13.45;    3.86;    1.69;-999;-999;  33.7; -18.8;    9;   566.6;   23.2;eor
       4592;19980101;19981231;   10;  5.54;   8.75;   13.56;    4.57;    1.91;-999;-999;  35.3; -18.7;    9;   704.5;   39.4;eor
       4592;19990101;19991231;   10;  5.42;   8.67;   13.50;    4.79;    1.71;-999;-999;  34.5; -15.0;    9;   667.2;   39.3;eor
       4592;20000101;20001231;   10;  5.47;   9.76;   14.74;    5.40;    0.99;-999;-999;  34.5; -16.8;    9;   590.6;   19.4;eor
       4592;20010101;20011231;   10;  5.37;   8.92;   13.81;    4.88;    1.05;-999;-999;  33.2; -20.8;    9;   861.4;   47.8;eor
       4592;20020101;20021231;   10;  5.33;   9.53;   14.54;    5.29;    0.90;-999;-999;  34.2; -20.0;    9;   987.9;   49.1;eor
       4592;20030101;20031231;   10;  4.71;   9.29;   15.19;    4.19;    0.84;-999;-999;  37.2; -14.2;    9;   476.7;   26.2;eor
       4592;20040101;20041231;   10;  5.40;   8.81;   13.81;    4.39;    0.87;-999;-999;  33.1; -15.0;    9;   649.8;   46.7;eor
       4592;20050101;20051231;   10;  5.40;   8.75;   13.88;    4.32;    0.82;-999;-999;  35.6; -20.9;    9;   718.2;   46.9;eor
       4592;20060101;20061231;   10;  5.35;   9.06;   14.39;    4.32;    1.33; 1757.70;-999;  35.5; -14.4;    9;   591.6;   24.3;eor
       4592;20070101;20071231;   10;  5.62;   9.79;   15.07;    4.91;    1.37; 1695.10;-999;  35.8; -11.7;    9;   743.7;   34.1;eor
       4592;20080101;20081231;   10;  5.67;   9.40;   14.59;    4.78;    1.20; 1554.90;-999;  32.8; -10.6;    9;   663.6;   31.9;eor
       4592;20090101;20091231;   10;  5.79;   9.10;   14.15;    4.49;    1.21; 1556.00;-999;  32.9; -18.1;    9;   698.1;   35.4;eor
       4592;20100101;20101231;   10;  6.19;   7.94;   12.86;    3.31;    1.27; 1483.00;-999;  35.2; -19.6;    9;   757.7;   30.6;eor
       4592;20110101;20111231;   10;  5.74;   9.37;   14.98;    4.46;    1.36; 1829.70;-999;  33.8; -13.3;    9;   642.0;   27.1;eor
       4592;20120101;20121231;   10;  -999;   9.19;   14.58;    4.16;-999; 1758.00;-999;  35.4; -20.0;    9;   573.0;   21.8;eor
       4592;20130101;20131231;   10;  -999;   8.77;   13.62;    4.38;-999; 1443.20;-999;  37.6; -11.4;    9;   667.0;   30.8;eor
       4592;20140101;20141231;   10;  -999;  10.21;   15.69;    5.30;-999; 1566.00;-999;  35.7; -13.2;    9;   573.2;   33.7;eor
       4592;20150101;20151231;   10;  -999;  10.10;   15.69;    4.95;-999; 1659.30;-999;  38.9;  -8.2;    9;   487.0;   22.6;eor
       4592;20160101;20161231;   10;  -999;   9.47;   14.66;    4.85;-999; 1499.20;-999;  34.9; -15.5;    9;   619.8;   50.2;eor
       4592;20170101;20171231;   10;  -999;   9.46;   14.77;    4.51;-999; 1776.50;-999;  35.7; -17.8;    9;   611.1;   25.2;eor
       4592;20180101;20181231;   10;  -999;  10.50;   16.39;    5.28;-999; 2083.20;-999;  36.3; -14.6;    9;   542.6;   33.5;eor
       4592;20190101;20191231;   10;  -999;  10.22;   15.89;    5.03;-999; 1953.10;-999;  37.4;  -9.9;    9;   553.0;   29.3;eor
       4592;20200101;20201231;   10;  -999;   9.99;   15.40;    4.95;-999; 1863.90;-999;  35.4;  -9.0;    9;   603.6;   47.3;eor
       4592;20210101;20211231;   10;  -999;   8.98;   14.28;    4.23;-999; 1704.60;-999;  34.0; -15.8;    9;   659.6;   33.5;eor
       4592;20220101;20221231;   10;  -999;  10.53;   16.18;    5.20;-999; 1989.10;-999;  38.3; -12.0;    3;   608.4;   25.7;eor
       4592;20230101;20231231;    3;  -999;  10.72;   16.10;    5.67;-999;-999;-999;  36.0; -13.6;    3;   775.6;   39.8;eor
