STATIONS_ID;MESS_DATUM_BEGINN;MESS_DATUM_ENDE;QN_4;JA_N;JA_TT;JA_TX;JA_TN;JA_FK;JA_SD_S;JA_MX_FX;JA_MX_TX;JA_MX_TN;QN_6;JA_RR;JA_MX_RS;eor
       2680;19480101;19481231;    5;  -999;   9.16;   14.07;    4.14;-999;-999;-999;-999;-999;    5;   578.0;-999;eor
       2680;19490101;19491231;    5;  -999;   9.04;   14.38;    3.41;-999;-999;-999;-999;-999;    5;   441.0;-999;eor
       2680;19500101;19501231;    5;  -999;   8.71;   13.30;    3.85;-999;-999;-999;-999;-999;    5;   751.0;-999;eor
       2680;19510101;19511231;    5;  5.45;   8.79;   13.79;    4.01;    2.34;-999;-999;  34.5; -12.0;    5;   630.0;   29.5;eor
       2680;19520101;19521231;    5;  5.58;   8.39;   12.87;    3.83;    2.41;-999;-999;  37.2; -16.0;    5;   636.0;   32.5;eor
       2680;19530101;19531231;    5;  4.98;   8.99;   14.26;    3.18;    1.84;-999;-999;  32.0; -20.6;    5;   440.9;   19.4;eor
       2680;19540101;19541231;    5;  5.16;   8.01;   12.72;    3.28;    2.21;-999;-999;  32.5; -18.0;    5;   625.9;   17.1;eor
       2680;19550101;19551231;    5;  5.47;   7.72;   12.20;    2.65;    2.08;-999;-999;  31.4; -19.4;    5;   605.2;   24.3;eor
       2680;19560101;19561231;    5;  5.44;   7.15;   11.50;    2.14;    2.14;-999;-999;  29.8; -27.2;    5;   739.1;   46.0;eor
       2680;19570101;19571231;    5;  5.23;   9.11;   13.32;    3.89;    1.98;-999;-999;  37.0; -13.6;    5;   556.3;   21.2;eor
       2680;19580101;19581231;    5;  5.53;   8.70;   12.86;    3.61;    1.83;-999;-999;  30.3; -18.6;    5;   767.7;   48.6;eor
       2680;19590101;19591231;    5;  4.59;   9.43;   14.81;    3.14;    1.64;-999;-999;  35.3; -15.2;    5;   481.8;   35.1;eor
       2680;19600101;19601231;    5;  5.57;   8.89;   13.24;    3.85;    1.54;-999;-999;  30.4; -23.8;    5;   711.6;   37.5;eor
       2680;19610101;19611231;    5;  5.30;   9.28;   13.99;    4.31;    1.47;-999;-999;  31.5; -19.4;    5;   706.5;   18.9;eor
       2680;19620101;19621231;    5;  5.15;   7.35;   12.17;    1.89;    1.47;-999;-999;  32.6; -23.8;    5;   550.2;   19.4;eor
       2680;19630101;19631231;    5;  5.23;   7.16;   12.28;    1.53;    1.37;-999;-999;  33.7; -27.5;    5;   616.0;   28.0;eor
       2680;19640101;19641231;    5;  4.84;   8.21;   13.09;    2.92;    1.57;-999;-999;  34.4; -20.2;    5;   384.5;   18.5;eor
       2680;19650101;19651231;    5;  5.38;   7.57;   12.08;    3.02;    1.72;-999;-999;  30.1; -19.5;    5;   852.5;   35.7;eor
       2680;19660101;19661231;    5;  5.55;   8.88;   13.12;    4.50;    1.69;-999;-999;  34.6; -19.3;    5;   906.7;   38.2;eor
       2680;19670101;19671231;    5;  5.05;   8.96;   13.49;    4.34;    1.83;-999;-999;  31.8; -21.6;    5;   678.2;   40.6;eor
       2680;19680101;19681231;    5;  5.27;   8.13;   12.55;    3.69;    1.80;-999;-999;  31.0; -25.5;    5;   623.9;   29.5;eor
       2680;19690101;19691231;    5;  5.16;   7.73;   12.32;    3.08;    1.68; 1538.80;-999;  34.5; -30.3;    5;   679.7;   42.0;eor
       2680;19700101;19701231;    5;  5.30;   7.74;   11.89;    3.36;    1.63; 1395.80;-999;  30.5; -21.5;    5;   622.3;   21.6;eor
       2680;19710101;19711231;    5;  4.57;   8.08;   13.15;    2.87;    1.43;-999;-999;  34.4; -25.8;    5;   529.5;   33.3;eor
       2680;19720101;19721231;    5;  4.82;   7.53;   12.35;    2.93;    1.45;-999;-999;  31.6; -16.5;    5;   676.4;   42.5;eor
       2680;19730101;19731231;    5;  4.46;   7.97;   12.78;    3.13;    1.73;-999;-999;  31.1; -22.5;    5;   531.4;   21.6;eor
       2680;19740101;19741231;    5;  5.29;   8.87;   13.27;    4.52;    1.75;-999;-999;  33.1; -12.2;    5;   683.2;   27.1;eor
       2680;19750101;19751231;    5;  4.70;   8.78;   13.31;    4.40;    1.58;-999;-999;  31.3; -14.4;    5;   532.5;   36.0;eor
       2680;19760101;19761231;    5;  4.49;   8.64;   13.50;    3.33;    1.52;-999;-999;  35.5; -17.8;    5;   381.2;   16.5;eor
       2680;19770101;19771231;    5;  5.26;   8.73;   12.97;    4.60;    1.60;-999;-999;  30.3; -10.0;    5;   757.4;   28.0;eor
       2680;19780101;19781231;    5;  5.18;   7.77;   11.99;    3.62;    1.53;-999;-999;  29.8; -15.4;    5;   637.8;   22.5;eor
       2680;19790101;19791231;    5;  4.99;   7.93;   12.33;    3.52;    1.53;-999;-999;  30.6; -23.0;    5;   675.7;   31.0;eor
       2680;19800101;19801231;    5;  4.99;   7.61;   11.94;    3.35;    1.62;-999;-999;  30.4; -15.3;    5;   597.7;   39.0;eor
       2680;19810101;19811231;   10;  5.24;   8.02;   12.37;    3.50;    1.64;-999;-999;  31.0; -21.3;   10;   708.1;   33.5;eor
       2680;19820101;19821231;   10;  4.76;   8.73;   13.57;    3.77;    1.58;-999;-999;  32.2; -29.0;   10;   509.1;   26.7;eor
       2680;19830101;19831231;   10;  4.99;   8.89;   13.51;    4.21;    1.80;-999;-999;  34.8; -17.7;   10;   571.3;   65.0;eor
       2680;19840101;19841231;   10;  5.56;   7.74;   11.83;    3.69;    1.80;-999;-999;  34.5; -12.4;   10;   721.2;   46.5;eor
       2680;19850101;19851231;   10;  5.10;   6.99;   11.81;    2.40;    1.56;-999;-999;  32.2; -26.5;   10;   528.4;   23.0;eor
       2680;19860101;19861231;   10;  5.23;   7.85;   12.41;    3.39;    1.75;-999;-999;  34.0; -21.4;   10;   697.9;   38.0;eor
       2680;19870101;19871231;   10;  5.41;   6.94;   11.33;    2.87;    2.47;-999;-999;  31.4; -24.1;   10;   683.2;   25.6;eor
       2680;19880101;19881231;   10;  5.67;   8.84;   13.07;    4.64;    2.37;-999;-999;  31.1; -15.6;   10;   708.7;  126.8;eor
       2680;19890101;19891231;   10;  5.18;   8.84;   13.57;    4.26;    2.05;-999;-999;  33.1; -10.3;   10;   653.5;   27.7;eor
       2680;19900101;19901231;   10;  4.72;   8.92;   13.87;    3.91;    1.84;-999;-999;  33.8; -11.5;   10;   566.8;   29.4;eor
       2680;19910101;19911231;   10;  4.73;   7.82;   13.09;    2.53;    1.71;-999;-999;  33.4; -16.2;    9;   393.1;   19.4;eor
       2680;19920101;19921231;   10;  5.05;   8.94;   13.86;    4.14;    1.60;-999;-999;  35.0; -12.4;    9;   612.1;   21.6;eor
       2680;19930101;19931231;   10;  5.10;   8.32;   13.29;    3.45;    1.78;-999;-999;  31.1; -16.0;    9;   573.7;   39.0;eor
       2680;19940101;19941231;   10;  5.25;   9.77;   14.68;    5.05;    1.82;-999;-999;  35.4; -13.8;    9;   663.4;   47.1;eor
       2680;19950101;19951231;   10;  5.23;   8.67;   13.42;    4.32;    1.78;-999;-999;  33.9; -15.8;    9;   824.1;   37.7;eor
       2680;19960101;19961231;   10;  5.13;   7.03;   11.76;    2.63;    1.51;-999;-999;  31.5; -19.0;    9;   547.1;   27.0;eor
       2680;19970101;19971231;   10;  4.97;   8.62;   13.81;    3.54;    1.55;-999;-999;  31.7; -18.4;    9;   512.7;   26.9;eor
       2680;19980101;19981231;   10;  5.30;   8.92;   13.60;    4.51;    1.75;-999;-999;  35.5; -17.5;    9;   719.8;   21.0;eor
       2680;19990101;19991231;   10;  5.15;   9.23;   14.05;    4.78;    1.74;-999;-999;  31.9; -12.7;    9;   687.3;   30.7;eor
       2680;20000101;20001231;   10;  5.18;   9.68;   14.51;    5.26;    1.60;-999;-999;  33.8; -14.2;    9;   668.8;   32.8;eor
       2680;20010101;20011231;   10;  5.04;   9.02;   13.68;    4.65;    1.49;-999;-999;  34.0; -21.8;    9;   659.4;   24.4;eor
       2680;20020101;20021231;   10;  4.91;   9.48;   14.38;    4.96;    1.52;-999;-999;  33.2; -21.9;    9;   733.6;   28.6;eor
       2680;20030101;20031231;   10;  4.17;   9.27;   15.26;    3.51;    1.50;-999;-999;  37.3; -19.2;    9;   404.6;   31.0;eor
       2680;20040101;20041231;   10;  5.04;   8.56;   13.55;    3.88;    1.67;-999;-999;  31.3; -12.5;    9;   671.2;   67.1;eor
       2680;20050101;20051231;   10;  4.69;   8.67;   13.77;    3.32;    1.94;-999;-999;  33.4; -16.4;    9;   492.0;   24.9;eor
       2680;20060101;20061231;   10;  5.07;   8.79;   13.78;    3.36;    1.92;-999;-999;  34.3; -14.5;    9;   591.8;   21.7;eor
       2680;20070101;20071231;   10;  5.12;   -999;   14.16;    3.98;    2.13;-999;-999;  33.0; -12.8;    9;   770.1;   47.4;eor
       2680;20080101;20081231;   10;  5.41;   9.15;   14.05;    3.83;    2.17;-999;-999;  33.1; -12.1;    9;   528.9;   30.0;eor
       2680;20090101;20091231;   10;  5.22;   8.76;   13.58;    3.31;    1.81;-999;-999;  33.0; -19.5;    9;   626.7;   34.9;eor
       2680;20100101;20101231;   10;  5.58;   7.46;   12.25;    1.79;    1.80;-999;-999;  35.2; -24.0;    9;   606.1;   24.5;eor
       2680;20110101;20111231;   10;  4.88;   9.10;   14.73;    3.09;    1.82;-999;-999;  33.1; -15.5;    9;   496.0;   25.6;eor
       2680;20120101;20121231;   10;  -999;   8.75;   13.75;    2.97;-999;-999;-999;  34.8; -21.1;    9;   613.0;   27.4;eor
       2680;20130101;20131231;   10;  -999;   8.42;   12.84;    3.44;-999;-999;-999;  35.0; -15.9;    9;   604.4;   27.1;eor
       2680;20140101;20141231;   10;  -999;   9.87;   14.82;    4.41;-999;-999;-999;  34.2;  -9.2;    9;   561.7;   24.8;eor
       2680;20150101;20151231;   10;  -999;   9.70;   14.77;    3.91;-999;-999;-999;  37.5;  -9.8;    9;   453.2;   22.1;eor
       2680;20160101;20161231;   10;  -999;   9.05;   13.88;    3.66;-999;-999;-999;  33.6; -20.1;    9;   559.5;   25.2;eor
       2680;20170101;20171231;   10;  -999;   9.14;   14.02;    3.84;-999;-999;-999;  34.2; -17.6;    9;   707.9;   42.9;eor
       2680;20180101;20181231;   10;  -999;  10.20;   15.81;    3.99;-999;-999;-999;  36.1; -17.5;    9;   436.4;   32.3;eor
       2680;20190101;20191231;   10;  -999;   9.20;   14.59;    3.10;-999;-999;-999;  37.2; -12.3;    9;   488.5;   30.6;eor
       2680;20200101;20201231;   10;  -999;   9.81;   15.16;    3.56;-999;-999;-999;  35.8; -11.0;    9;   476.2;   29.7;eor
       2680;20210101;20211231;   10;  -999;   8.41;   13.51;    3.00;-999;-999;-999;  32.3; -22.9;    9;   577.4;   27.2;eor
       2680;20220101;20221231;   10;  -999;  10.08;   15.75;    3.72;-999;-999;-999;  37.3; -15.2;    3;   512.0;   34.0;eor
       2680;20230101;20231231;    3;  -999;  10.35;   15.31;    4.78;-999;-999;-999;  35.2; -15.0;    3;   704.3;   27.0;eor
