STATIONS_ID;MESS_DATUM_BEGINN;MESS_DATUM_ENDE;QN_4;JA_N;JA_TT;JA_TX;JA_TN;JA_FK;JA_SD_S;JA_MX_FX;JA_MX_TX;JA_MX_TN;QN_6;JA_RR;JA_MX_RS;eor
        151;19560101;19561231;    5;  5.72;   6.02;   10.91;    1.29;    1.89;-999;-999;  29.2; -27.8;    5;   661.3;   21.5;eor
        151;19570101;19571231;    5;  5.75;   7.83;   12.65;    3.15;    1.77;-999;-999;  37.0; -18.1;    5;   623.7;   39.6;eor
        151;19580101;19581231;    5;  5.14;   7.64;   12.35;    3.23;    2.25;-999;-999;  31.6; -18.6;    5;   809.9;   34.2;eor
        151;19590101;19591231;    5;  4.34;   8.41;   14.03;    2.97;    2.18;-999;-999;  34.9; -12.4;    5;   557.1;   45.5;eor
        151;19600101;19601231;    5;  5.29;   8.14;   12.81;    3.66;    2.84;-999;-999;  32.5; -18.5;    5;   610.8;   38.7;eor
        151;19610101;19611231;    5;  4.81;   8.51;   13.52;    3.82;    2.61;-999;-999;  32.1; -18.8;    5;   561.0;   23.2;eor
        151;19620101;19621231;    5;  5.44;   6.70;   11.81;    1.89;    1.42;-999;-999;  33.5; -21.3;    5;   590.6;   23.6;eor
        151;19630101;19631231;    5;  5.13;   6.80;   12.04;    1.95;    1.39; 1684.50;-999;  33.3; -23.6;    5;   592.1;   33.0;eor
        151;19640101;19641231;    5;  5.03;   7.63;   12.48;    2.67;    1.80; 1762.70;-999;  34.0; -19.8;    5;   487.7;   22.7;eor
        151;19650101;19651231;    5;  5.56;   7.16;   11.67;    2.94;    1.77; 1525.30;-999;  32.2; -14.6;    5;   859.2;   25.0;eor
        151;19660101;19661231;    5;  5.41;   8.36;   12.82;    4.35;    1.83; 1467.90;-999;  32.0; -19.0;    5;  1047.5;   32.7;eor
        151;19670101;19671231;    5;  5.12;   8.33;   13.23;    3.95;    1.80; 1684.40;-999;  32.0; -19.8;    5;   665.5;   23.2;eor
        151;19680101;19681231;    5;  5.45;   7.66;   12.24;    3.54;    1.71; 1545.30;-999;  31.2; -18.5;    5;   758.1;   27.6;eor
        151;19690101;19691231;    5;  5.23;   7.51;   12.43;    3.11;    1.55; 1680.20;-999;  34.6; -23.5;    5;   647.6;   51.7;eor
        151;19700101;19701231;    5;  5.58;   7.39;   11.95;    3.34;    1.34; 1480.90;-999;  31.5; -18.4;    5;   901.0;   45.0;eor
        151;19710101;19711231;    5;  4.93;   7.87;   13.27;    3.04;    1.23; 1819.90;-999;  34.4; -21.4;    5;   556.1;   50.0;eor
        151;19720101;19721231;    5;  5.21;   7.23;   12.27;    2.88;    1.10; 1522.30;-999;  33.0; -16.0;    5;   526.5;   54.6;eor
        151;19730101;19731231;    5;  4.98;   7.68;   12.64;    3.05;    1.15; 1786.30;-999;  31.6; -20.0;    5;   683.5;   85.0;eor
        151;19740101;19741231;    5;  5.53;   8.48;   13.08;    4.42;    1.15; 1521.70;-999;  33.0;  -7.3;    5;   788.4;   33.2;eor
        151;19750101;19751231;    5;  5.12;   8.41;   13.24;    4.24;    0.91; 1607.80;-999;  30.6; -16.0;    5;   717.6;   35.7;eor
        151;19760101;19761231;    5;  4.88;   8.33;   13.54;    3.47;    1.00; 1789.10;-999;  36.8; -18.0;    5;   520.3;   27.5;eor
        151;19770101;19771231;    5;  5.52;   8.40;   13.01;    4.45;    0.97; 1358.00;-999;  32.2; -11.0;    5;   778.3;   29.3;eor
        151;19780101;19781231;    5;  5.45;   7.30;   11.83;    3.48;    0.89; 1389.00;-999;  29.8; -17.3;    5;   739.3;   49.7;eor
        151;19790101;19791231;    5;  5.18;   7.80;   12.63;    3.53;    0.87; 1561.70;-999;  31.3; -18.0;    5;   729.0;   24.9;eor
        151;19800101;19801231;    5;  5.24;   7.32;   11.82;    3.31;    0.83; 1402.50;-999;  33.8; -15.6;    5;   720.5;   34.4;eor
        151;19810101;19811231;   10;  5.32;   7.91;   12.56;    3.86;    0.90; 1468.10;-999;  30.3; -15.0;   10;   968.7;   42.1;eor
        151;19820101;19821231;   10;  4.72;   8.40;   13.60;    3.89;    0.88; 1653.20;-999;  33.3; -23.4;   10;   599.0;   24.4;eor
        151;19830101;19831231;   10;  4.75;   8.63;   13.92;    3.96;    0.85; 1613.60;-999;  39.5; -17.1;   10;   658.9;   32.0;eor
        151;19840101;19841231;   10;  5.46;   7.26;   11.88;    3.25;    0.94;-999;-999;  34.5; -16.5;   10;   803.7;   51.2;eor
        151;19850101;19851231;   10;  5.12;   6.84;   11.87;    2.19;    1.24;-999;-999;  31.6; -25.7;   10;   673.2;   41.8;eor
        151;19860101;19861231;   10;  5.26;   7.43;   12.41;    2.89;    1.22;-999;-999;  32.4; -22.0;   10;   758.3;   28.5;eor
        151;19870101;19871231;   10;  5.64;   6.97;   11.60;    2.83;    1.23;-999;-999;  30.5; -25.0;   10;   726.9;   28.1;eor
        151;19880101;19881231;   10;  5.62;   8.62;   13.13;    4.59;    1.36;-999;-999;  33.2; -12.0;   10;   772.5;   30.6;eor
        151;19890101;19891231;   10;  5.42;   8.65;   13.55;    4.44;    1.18;-999;-999;  33.2; -13.5;   10;   546.1;   23.2;eor
        151;19900101;19901231;   10;  5.27;   8.71;   13.89;    4.14;    1.37;-999;-999;  32.8; -10.5;   10;   650.8;   39.7;eor
        151;19910101;19911231;   10;  4.94;   7.66;   12.73;    3.02;    1.18;-999;-999;  34.0; -16.2;    9;   464.3;   36.2;eor
        151;19920101;19921231;   10;  5.30;   8.93;   13.72;    4.72;    1.29;-999;-999;  35.8; -13.0;    9;   653.2;   29.0;eor
        151;19930101;19931231;   10;  5.04;   8.15;   13.03;    3.79;    1.43;-999;-999;  31.0; -17.4;    9;   706.5;   57.6;eor
        151;19940101;19941231;   10;  5.32;   9.73;   14.55;    5.28;    1.37;-999;-999;  34.6; -14.4;    9;   653.2;   38.9;eor
        151;19950101;19951231;   10;  5.58;   8.52;   13.09;    4.53;    1.39;-999;-999;  34.7; -15.8;    9;   887.7;   85.5;eor
        151;19960101;19961231;   10;  5.48;   6.99;   11.60;    2.94;    1.35;-999;-999;  32.3; -23.2;    9;   596.9;   52.9;eor
        151;19970101;19971231;   10;  5.11;   8.39;   13.60;    3.78;    1.09;-999;-999;  32.6; -17.5;    9;   558.9;   36.8;eor
        151;19980101;19981231;   10;  6.00;   8.88;   13.37;    4.38;    0.93;-999;-999;  36.0; -19.4;    9;   774.1;   47.0;eor
        151;19990101;19991231;   10;  6.08;   8.80;   13.21;    4.36;    1.07;-999;-999;  33.1; -15.1;    9;   737.8;   24.5;eor
        151;20000101;20001231;   10;  6.06;   9.44;   13.98;    4.88;    0.63;-999;-999;  34.4; -16.6;    9;   613.1;   22.6;eor
        151;20010101;20011231;   10;  6.20;   8.83;   13.38;    4.47;    0.58;-999;-999;  33.1; -24.9;    9;   855.7;   25.6;eor
        151;20020101;20021231;   10;  6.10;   8.97;   13.47;    4.57;    0.67;-999;-999;  33.4; -23.4;    9;  1105.2;   36.9;eor
        151;20030101;20031231;   10;  5.27;   8.98;   14.64;    3.55;    0.57;-999;-999;  38.0; -15.4;    9;   512.5;   23.3;eor
        151;20040101;20041231;   10;  6.01;   9.60;   14.31;    4.93;    0.52;-999;-999;  34.4; -16.1;    9;   692.7;   35.8;eor
        151;20050101;20051231;   10;  5.53;   8.28;   13.34;    3.23;    0.74;-999;-999;  34.8; -20.5;    9;   701.8;   33.6;eor
        151;20060101;20061231;   10;  5.29;   8.87;   14.04;    3.95;    0.91;-999;-999;  35.9; -15.0;    9;   718.8;   48.4;eor
        151;20070101;20071231;   10;  5.40;   9.49;   14.55;    4.40;    1.21;-999;-999;  35.7; -14.3;    9;   799.8;   29.5;eor
        151;20080101;20081231;   10;  5.24;   9.12;   14.17;    4.19;    1.11;-999;-999;  33.0; -11.8;    9;   617.5;   23.7;eor
        151;20090101;20091231;   10;  5.46;   8.79;   13.75;    3.85;    1.05;-999;-999;  33.3; -18.1;    9;   655.0;   28.2;eor
        151;20100101;20101231;   10;  5.67;   7.70;   12.48;    2.79;    1.04;-999;-999;  35.4; -21.1;    9;   735.4;   42.7;eor
        151;20110101;20111231;   10;  5.18;   9.12;   14.57;    3.92;    1.01;-999;-999;  32.8; -12.5;    9;   794.8;   68.8;eor
        151;20120101;20121231;   10;  -999;   9.06;   14.22;    3.79;-999;-999;-999;  37.4; -20.6;    9;   638.4;   22.7;eor
        151;20130101;20131231;   10;  -999;   8.65;   13.16;    4.26;-999;-999;-999;  36.5; -11.9;    9;   697.1;   29.2;eor
        151;20140101;20141231;   10;  -999;  10.00;   15.13;    5.01;-999;-999;-999;  34.9; -12.6;    9;   587.1;   34.0;eor
        151;20150101;20151231;   10;  -999;   9.91;   15.18;    4.61;-999;-999;-999;  38.5;  -9.8;    9;   547.0;   28.7;eor
        151;20160101;20161231;   10;  -999;   9.21;   14.25;    4.34;-999;-999;-999;  34.0; -15.2;    9;   695.4;   40.5;eor
        151;20170101;20171231;   10;  -999;   9.30;   14.40;    4.23;-999;-999;-999;  35.3; -19.9;    9;   646.9;   23.1;eor
        151;20180101;20181231;   10;  -999;  10.39;   16.26;    4.87;-999;-999;-999;  36.7; -15.5;    9;   545.4;   38.9;eor
        151;20190101;20191231;   10;  -999;  10.09;   15.74;    4.57;-999;-999;-999;  37.9; -12.3;-999;-999;-999;eor
        151;20200101;20201231;   10;  -999;   9.96;   15.33;    4.69;-999;-999;-999;  35.9;  -8.9;    9;   650.1;   26.6;eor
        151;20210101;20211231;   10;  -999;   8.85;   14.09;    3.98;-999;-999;-999;  34.3; -16.5;    9;   748.3;   34.0;eor
        151;20220101;20221231;   10;  -999;  10.35;   16.05;    4.78;-999;-999;-999;  38.1; -13.4;    3;   647.9;   56.9;eor
        151;20230101;20231231;    3;  -999;  10.57;   15.77;    5.36;-999;-999;-999;  36.1; -12.1;    3;   744.1;   29.5;eor
