STATIONS_ID;MESS_DATUM_BEGINN;MESS_DATUM_ENDE;QN_4;JA_N;JA_TT;JA_TX;JA_TN;JA_FK;JA_SD_S;JA_MX_FX;JA_MX_TX;JA_MX_TN;QN_6;JA_RR;JA_MX_RS;eor
       5941;19380101;19381231;    5;  -999;   5.82;    -999;    -999;-999;-999;-999;-999;-999;    1;  1583.5;-999;eor
       5941;19390101;19391231;    5;  -999;   5.30;   11.23;   -0.03;-999;-999;-999;-999;-999;    1;  1904.3;   60.8;eor
       5941;19400101;19401231;    5;  -999;   4.64;   10.54;   -0.63;-999;-999;-999;-999;-999;    1;  1775.6;   90.2;eor
       5941;19410101;19411231;    5;  -999;   4.82;   10.34;   -0.26;-999;-999;-999;-999;-999;    1;  2014.6;   71.0;eor
       5941;19420101;19421231;    5;  -999;   6.09;   11.25;   -0.22;-999;-999;-999;-999;-999;    1;  1702.5;   56.1;eor
       5941;19430101;19431231;    5;  -999;   -999;   11.87;    0.52;-999;-999;-999;-999;-999;    1;  1665.3;   55.9;eor
       5941;19440101;19441231;-999;-999;-999;-999;-999;-999;-999;-999;-999;-999;    1;  2782.5;-999;eor
       5941;19460101;19461231;    5;  4.64;   6.02;   12.52;    0.35;    2.15;-999;-999;  34.0; -24.5;    5;  1796.6;   39.5;eor
       5941;19470101;19471231;    5;  4.83;   6.52;   13.60;   -0.24;    2.39;-999;-999;  33.7; -31.2;    5;  1465.7;   52.8;eor
       5941;19480101;19481231;    5;  4.68;   6.38;   12.63;    0.53;    2.35;-999;-999;  30.5; -23.8;    5;  1824.6;   41.1;eor
       5941;19490101;19491231;    5;  4.79;   6.40;   12.82;    0.24;    2.41;-999;-999;  31.0; -25.0;    5;  2263.3;   84.5;eor
       5941;19500101;19501231;    5;  5.02;   6.45;   12.64;    0.58;    1.80;-999;-999;  32.5; -22.6;    5;  2043.2;   54.1;eor
       5941;19520101;19521231;    5;  5.74;   5.66;   10.95;    0.66;    1.48; 1375.70;-999;  33.1; -24.2;    5;  2100.2;   82.9;eor
       5941;19530101;19531231;    5;  4.40;   6.95;   13.02;    1.66;    1.60; 1704.80;-999;  32.7; -19.1;    5;  1351.8;   71.1;eor
       5941;19540101;19541231;    5;  5.30;   5.94;   11.41;    1.26;    1.46; 1317.40;-999;  29.9; -23.7;    5;  2191.0;  116.2;eor
       5941;19550101;19551231;    5;  5.23;   6.07;   11.54;    1.31;    1.38; 1412.50;-999;  29.1; -17.7;    5;  1961.0;   73.8;eor
       5941;19560101;19561231;    5;  5.05;   5.09;   10.59;    0.41;    0.99; 1677.80;-999;  28.9; -29.1;    5;  1793.8;   62.3;eor
       5941;19570101;19571231;    5;  4.89;   6.84;   12.31;    2.03;    1.01; 1631.80;-999;  35.0; -20.5;    5;  1608.2;   65.5;eor
       5941;19580101;19581231;    5;  5.14;   6.53;   11.81;    1.82;    1.30; 1653.40;-999;  32.9; -18.1;    5;  1806.3;   55.9;eor
       5941;19590101;19591231;    5;  4.32;   7.01;   12.90;    1.72;    1.04; 1972.30;-999;  28.8; -19.1;    5;  1643.3;  114.2;eor
       5941;19600101;19601231;    5;  5.25;   6.53;   11.75;    1.93;    0.86; 1553.80;-999;  30.7; -23.0;    5;  1575.1;   51.0;eor
       5941;19610101;19611231;    5;  4.56;   7.21;   13.04;    2.19;    0.95; 1834.40;-999;  30.0; -21.4;    5;  1681.4;   78.0;eor
       5941;19620101;19621231;    5;  4.90;   5.35;   10.72;    0.51;    1.03; 1683.00;-999;  33.5; -25.0;    5;  1635.5;   59.8;eor
       5941;19630101;19631231;    5;  4.67;   5.61;   11.11;    0.80;    0.85; 1759.30;-999;  31.1; -27.2;    5;  1197.3;   39.6;eor
       5941;19640101;19641231;    5;  4.84;   6.36;   11.62;    1.72;    0.97; 1808.20;-999;  29.6; -17.9;    5;  1551.3;   84.5;eor
       5941;19650101;19651231;    5;  5.12;   5.57;   10.79;    1.05;    0.89; 1615.30;-999;  32.4; -18.0;    5;  1955.1;   71.6;eor
       5941;19660101;19661231;    5;  5.13;   6.60;   11.70;    2.07;    0.99; 1665.00;-999;  31.8; -23.5;    5;  2033.3;   69.1;eor
       5941;19670101;19671231;    5;  4.60;   6.54;   12.01;    1.58;    1.05; 1927.40;-999;  32.6; -21.6;    5;  1663.3;   43.7;eor
       5941;19680101;19681231;    5;  4.69;   6.05;   11.48;    1.19;    1.04; 1702.10;-999;  28.9; -24.7;    5;  1736.7;   74.1;eor
       5941;19690101;19691231;    5;  4.45;   5.71;   11.38;    0.97;    0.99; 1786.90;-999;  29.0; -22.7;    5;  1275.7;   45.5;eor
       5941;19700101;19701231;    5;  4.89;   5.59;   10.86;    1.34;    0.94; 1562.10;-999;  29.7; -20.2;    5;  2113.4;   82.6;eor
       5941;19710101;19711231;    5;  4.26;   6.11;   11.96;    1.29;    1.06; 1852.10;-999;  31.1; -20.9;    5;  1304.1;   50.6;eor
       5941;19720101;19721231;    5;  4.41;   5.91;   11.64;    1.40;    1.18; 1680.60;-999;  32.5; -18.5;    5;  1359.1;   51.9;eor
       5941;19730101;19731231;    5;  4.76;   5.63;   10.99;    1.34;    1.10; 1655.10;-999;  28.7; -26.3;    5;  1807.0;   84.8;eor
       5941;19740101;19741231;    5;  5.19;   6.47;   11.48;    2.47;    1.11; 1576.60;-999;  30.6; -13.4;    5;  2050.7;   70.7;eor
       5941;19750101;19751231;    5;  4.58;   6.37;   11.61;    1.97;    1.14; 1747.30;-999;  28.2; -19.1;    5;  1603.4;   63.9;eor
       5941;19760101;19761231;    5;  4.57;   6.11;   11.75;    1.30;    1.15; 1859.90;-999;  30.4; -20.7;    5;  1538.2;   39.1;eor
       5941;19770101;19771231;-999;-999;-999;-999;-999;-999;-999;-999;-999;-999;    5;  1828.2;  135.3;eor
       5941;19780101;19781231;    5;  5.04;   5.61;   10.90;    1.43;    1.15; 1574.40;-999;  27.8; -18.2;    5;  1519.8;   72.1;eor
       5941;19790101;19791231;    5;  5.07;   6.29;   11.29;    2.17;    1.24; 1656.90;-999;  28.5; -21.6;    5;  2066.7;   88.7;eor
       5941;19800101;19801231;    5;  5.05;   5.50;   10.69;    1.41;    1.15; 1526.60;-999;  32.9; -22.5;    5;  1898.9;   67.8;eor
       5941;19810101;19811231;   10;  4.98;   5.99;   11.40;    1.51;    0.95; 1575.60;-999;  30.6; -22.8;   10;  2203.1;  110.0;eor
       5941;19820101;19821231;   10;  4.40;   6.73;   12.55;    2.28;    1.07; 1910.70;-999;  29.4; -17.7;   10;  1603.5;   69.3;eor
       5941;19830101;19831231;   10;  4.26;   6.80;   12.72;    2.07;    1.19; 1896.20;-999;  34.8; -18.6;   10;  1813.9;   64.1;eor
       5941;19840101;19841231;   10;  4.61;   5.93;   11.47;    1.64;    1.34; 1745.20;-999;  35.5; -18.0;   10;  1544.5;   61.9;eor
       5941;19850101;19851231;   10;  4.69;   5.77;   11.35;    1.37;    1.26; 1788.60;-999;  31.1; -26.8;   10;  1835.0;   91.5;eor
       5941;19860101;19861231;   10;  4.49;   6.25;   12.06;    1.87;    1.22; 1834.90;-999;  29.7; -22.0;   10;  1509.7;   51.5;eor
       5941;19870101;19871231;   10;  5.21;   6.06;   11.48;    2.01;    1.15; 1512.00;-999;  29.1; -26.5;   10;  1851.9;   54.8;eor
       5941;19880101;19881231;   10;  4.83;   6.83;   12.25;    2.70;    1.20; 1660.50;-999;  32.0; -19.5;   10;  2116.3;   83.3;eor
       5941;19890101;19891231;   10;  4.30;   6.78;   13.19;    2.36;    0.88; 1832.20;-999;  31.5; -15.6;   10;  1524.1;   47.8;eor
       5941;19900101;19901231;   10;  4.35;   6.68;   13.03;    1.84;    0.98; 1740.70;-999;  29.5; -20.7;   10;  1644.4;   82.5;eor
       5941;19910101;19911231;   10;  4.61;   5.70;   11.68;    0.87;    1.13; 1400.10;-999;  32.4; -22.9;    9;  1517.4;   91.3;eor
       5941;19920101;19921231;   10;  4.88;   6.90;   12.86;    2.02;    1.12; 1500.50;-999;  31.6; -18.9;    9;  1603.6;   58.9;eor
       5941;19930101;19931231;   10;  4.98;   6.37;   12.24;    1.60;    1.27; 1500.00;-999;  30.5; -19.2;    9;  1758.4;   51.2;eor
       5941;19940101;19941231;   10;  5.26;   7.76;   13.64;    3.20;    1.23; 1590.50;-999;  33.1; -21.1;    9;  1690.2;   80.9;eor
       5941;19950101;19951231;   10;  5.28;   6.39;   12.02;    2.04;    1.12;-999;-999;  33.0; -21.6;    9;  1990.5;   63.3;eor
       5941;19960101;19961231;   10;  5.04;   6.02;   11.78;    1.71;    1.33;-999;-999;  30.0; -20.5;    9;  1558.6;   46.8;eor
       5941;19970101;19971231;   10;  5.05;   7.05;   13.10;    2.71;    1.33;-999;-999;  28.6; -14.4;    9;  1678.8;  102.4;eor
       5941;19980101;19981231;   10;  5.15;   7.09;   13.03;    2.68;    1.30;-999;-999;  33.1; -18.2;    9;  1726.2;   43.3;eor
       5941;19990101;19991231;   10;  5.32;   6.90;   12.75;    2.65;    1.35;-999;-999;  33.3; -21.0;    9;  1848.8;   56.9;eor
       5941;20000101;20001231;   10;  5.12;   7.62;   13.92;    3.07;    1.29;-999;-999;  32.5; -23.0;    9;  1922.9;   68.1;eor
       5941;20010101;20011231;   10;  5.31;   7.00;   12.65;    2.65;    1.05;-999;-999;  32.1; -23.1;    9;  1967.9;   59.3;eor
       5941;20020101;20021231;   10;  5.21;   7.91;   13.69;    3.49;    0.99;-999;-999;  33.0; -18.2;    9;  1915.2;   83.6;eor
       5941;20080101;20081231;   10;  4.75;   7.39;   13.63;    1.80;    1.12;-999;-999;  32.3; -22.6;    9;  1500.1;   70.2;eor
       5941;20090101;20091231;   10;  4.98;   7.29;   13.35;    1.91;    1.01;-999;-999;  34.2; -21.8;    9;  1839.0;   59.9;eor
       5941;20100101;20101231;   10;  5.42;   6.54;   12.25;    1.37;    0.72;-999;-999;  31.8; -20.4;    9;  1514.7;   75.1;eor
       5941;20110101;20111231;   10;  4.38;   7.55;   14.46;    1.64;    0.62;-999;-999;  33.3; -19.5;    9;  1469.8;   55.0;eor
       5941;20120101;20121231;   10;  -999;   7.14;   13.38;    1.63;-999;-999;-999;  33.0; -24.9;    9;  1651.5;   48.1;eor
       5941;20130101;20131231;   10;  -999;   6.97;   12.81;    1.79;-999;-999;-999;  36.1; -21.7;    9;  1721.6;  114.1;eor
       5941;20140101;20141231;   10;  -999;   8.43;   14.48;    3.18;-999;-999;-999;  32.1; -16.5;    9;  1595.6;   90.7;eor
       5941;20150101;20151231;   10;  -999;   8.06;   14.59;    2.42;-999;-999;-999;  34.7; -14.1;    9;  1298.5;   49.1;eor
       5941;20160101;20161231;   10;  -999;   7.86;   13.67;    2.70;-999;-999;-999;  31.4; -20.3;    9;  1675.5;   69.1;eor
       5941;20170101;20171231;   10;  -999;   7.54;   13.75;    2.18;-999;-999;-999;  36.1; -26.3;    9;  1889.9;   48.9;eor
       5941;20180101;20181231;   10;  -999;   8.61;   15.04;    2.91;-999;-999;-999;  32.8; -22.1;-999;-999;-999;eor
       5941;20190101;20191231;   10;  -999;   8.17;   14.62;    2.67;-999;-999;-999;  34.9; -17.6;-999;-999;-999;eor
       5941;20210101;20211231;   10;  -999;   7.21;   13.43;    1.83;-999;-999;-999;  32.7; -18.6;    9;  1726.3;   65.0;eor
       5941;20220101;20221231;   10;  -999;   8.57;   14.87;    3.00;-999;-999;-999;  33.3; -17.8;    3;  1406.4;   56.7;eor
       5941;20230101;20231231;    3;  -999;   8.67;   14.77;    3.34;-999;-999;-999;  35.7; -16.0;    3;  1741.3;   50.0;eor
